model              mmlu    truthfulqa_mc2             gsm8k            ifeval
base             0.7004            0.5955            0.7210            0.7431
conf             0.7360            0.5009            0.7475            0.5970
ctrl             0.7277            0.4991            0.7521            0.5675
eown             0.7302            0.4773            0.7521            0.5712
eshuf            0.7318            0.5022            0.7316            0.5416
dpo-own-s0           0.7028            0.5910            0.7248            0.7246
dpo-own-s1           0.7025            0.5894            0.7293            0.7209
dpo-shuffled-s0           0.7025            0.5929            0.7240            0.7153
dpo-shuffled-s1           0.7023            0.5877            0.7278            0.7172
scale05-own-s0           0.7344            0.5540            0.7794            0.6433
scale05-shuffled-s0           0.7312            0.5694            0.7513            0.6451
conf-base            +3.56             -9.46             +2.65            -14.60
conf-ctrl            +0.82             +0.18             -0.45             +2.96
